1.000000
1.000000
-1.000000
-1.000000
1.000000
1.000000
1.000000
1.000000
1.000000
1.000000
1.000000
1.000000
1.000000
1.000000
1.000000
1.000000
1.000000
1.000000
1.000000
0.000000
-0.500000
-0.750000
-0.875000
-0.625000
-0.250000
-0.375000
-0.125000
0.500000
0.250000
0.125000
0.375000
0.750000
0.625000
0.875000
-1.000000
-1.000000
-1.000000
-1.000000
-1.000000
-1.000000
-1.000000
-1.000000
-1.000000
-1.000000
-1.000000
-1.000000
-1.000000
-1.000000
-1.000000
0.000000
0.500000
0.750000
0.875000
0.625000
0.250000
0.375000
0.125000
-0.500000
-0.250000
-0.125000
-0.375000
-0.750000
-0.625000
-0.875000
-1.000000
-0.886436
-0.957065
-0.799178
-0.751205
-0.643508
-0.868350
-0.802050
-0.824517
-0.706179
-0.670614
-0.577074
-0.616194
-0.523218
-1.000000
-0.882798
-0.920747
-0.819813
-0.893765
-0.846360
-0.752139
-0.802771
-0.711997
-0.760156
-0.673598
-0.710336
-0.616648
-0.570459
-0.480641
-0.526965
-0.438161
-0.662224
-0.573660
-0.615445
-0.524001
-0.485483
-0.400506
-0.441412
-0.333371
-0.538016
-0.430705
-0.333275
-0.241751
-0.480785
-0.384727
-0.430122
-0.339139
-0.291394
-0.199278
-0.246005
-0.151244
-0.149600
-0.058336
0.033283
0.125200
-0.105823
-0.013819
-0.063821
0.027014
0.080498
0.173527
0.124256
0.228278
-0.393341
-0.291102
-0.354201
-0.272567
-0.195497
-0.092678
-0.154801
-0.065242
-0.325989
-0.217972
-0.240757
-0.152740
-0.131236
-0.018146
-0.058754
0.033663
-0.018243
0.068979
0.042904
0.156816
0.163957
0.279519
0.233591
0.337217
0.095455
0.183649
0.124521
0.233214
0.273292
0.357279
0.321134
0.409627
0.218757
0.310609
0.410536
0.517231
0.266198
0.361183
0.316022
0.407440
0.455482
0.546357
0.498014
0.589694
0.609217
0.680977
0.805917
0.946344
0.659289
0.728548
0.699764
0.774652
0.838171
0.925048
0.864910
0.369306
0.454037
0.424967
0.504097
0.547419
0.644166
0.593778
0.691810
0.465968
0.555781
0.514832
0.602876
0.643756
0.732699
0.692862
0.781301
0.754837
0.843956
0.793429
0.873156
0.999817
0.835995
0.915231
0.887859
-0.904885
-0.867636
-0.908921
-0.800882
-0.903339
-0.856579
-0.760099
-0.817701
-0.728329
-1.000000
-0.857526
-0.899062
-0.806704
-0.742397
-0.658526
-0.720611
-0.626486
-0.854645
-0.756937
-0.810865
-0.730753
-0.671526
-0.605137
-0.653348
-0.576211
-0.577933
-0.502155
-0.551888
-0.463487
-0.404756
-0.296210
-0.389366
-0.308188
-0.363256
-0.290794
-0.250415
-0.203991
-0.228925
-0.178694
-0.523659
-0.442233
-0.368167
-0.420080
-0.345865
-0.503341
-0.428503
-0.473444
-0.397067
-0.369585
-0.320750
-0.327826
-0.278543
-0.311711
-0.264957
-0.278023
-0.229324
-0.212000
-0.159794
-0.190194
-0.146975
-0.265646
-0.205359
-0.236014
-0.191345
-0.155271
-0.102477
-0.127863
-0.082927
-0.780650
-0.688499
-0.711798
-0.643265
-0.586040
-0.509767
-0.572205
-0.509014
-0.435817
-0.460450
-0.392882
-0.681168
-0.615583
-0.635042
-0.567632
-0.511886
-0.419936
-0.363154
-0.430953
-0.334002
-0.489218
-0.368421
-0.304484
-0.389375
-0.295876
-0.264725
-0.434180
-0.356446
-0.389973
-0.332457
-0.299381
-0.248860
-0.279780
-0.224180
-0.359303
-0.301477
-0.331769
-0.281449
-0.258771
-0.215717
-0.233727
-0.190517
-0.207122
-0.166989
-0.179621
-0.146036
-0.111138
-0.058224
-0.084715
-0.035921
-0.154393
-0.115127
-0.128883
-0.089551
-0.062450
-0.014397
-0.037201
0.009316
-0.311624
-0.253893
-0.278205
-0.228437
-0.201411
-0.157608
-0.180872
-0.138474
-0.255866
-0.205357
-0.240465
-0.189892
-0.160318
-0.113785
-0.136676
-0.082596
-0.102412
-0.053392
-0.091750
-0.043290
-0.001793
0.045846
-0.004109
0.043067
-0.067608
-0.011895
-0.036156
0.011384
0.046139
0.086164
0.059621
0.112331
-1.000000
-0.885785
-1.000000
-0.858054
-0.893935
-0.818552
-0.754681
-0.674235
-0.725298
-0.632266
-0.868297
-0.754657
-0.812801
-0.710164
-0.670660
-0.582792
-0.610437
-0.524898
-1.000000
-0.859391
-0.890865
-0.800665
-0.914289
-0.848219
-0.749647
-0.806947
-0.698506
-0.757091
-0.662146
-0.706947
-0.609629
-0.566487
-0.471925
-0.520669
-0.430034
-0.671463
-0.565569
-0.617097
-0.527476
-0.476511
-0.386027
-0.428165
-0.337046
-0.595135
-0.524101
-0.540891
-0.440297
-0.449596
-0.334266
-0.366607
-0.268238
-0.482506
-0.375735
-0.448939
-0.360625
-0.293655
-0.203968
-0.276278
-0.170346
-0.213795
-0.159924
-0.211309
-0.152331
-0.111010
-0.109302
-0.063439
-0.105269
-0.045202
-0.016108
-0.179250
-0.067830
-0.015134
0.031516
0.006449
0.061585
0.080096
0.084243
0.141169
0.108543
0.166120
0.225662
0.177944
0.032013
0.135945
-0.100950
-0.011406
-0.054488
0.059559
0.076747
0.163413
0.159421
0.253544
-0.386752
-0.296327
-0.335420
-0.247366
-0.215799
-0.120121
-0.162583
-0.066590
-0.291561
-0.199387
-0.241960
-0.149100
-0.106730
-0.013437
-0.058091
0.027893
-0.013816
0.075722
0.041119
0.132903
0.171530
0.270395
0.221491
0.309987
0.080462
0.173760
0.124121
0.220203
0.265714
0.355448
0.308902
0.401174
-0.233063
-0.171333
-0.214407
-0.138495
-0.116365
-0.065292
-0.076079
-0.034381
-0.154567
-0.105968
-0.132755
-0.091687
-0.054881
-0.011809
-0.043380
0.017279
-0.012671
0.040872
0.013481
0.053693
0.109454
0.097121
0.026356
0.079948
0.072979
0.119994
0.141604
0.193132
0.168108
0.202056
0.262314
-0.111481
-0.060406
-0.095378
-0.045621
-0.007703
0.049926
0.005259
0.050873
-0.065013
-0.017258
-0.035425
0.008997
0.027399
0.071869
0.055567
0.107123
0.088449
0.128072
0.110449
0.158834
0.182424
0.239804
0.189740
0.244804
0.305954
0.124369
0.162150
0.165135
0.206848
0.223995
0.281098
0.240382
0.298290
0.361998
0.182721
0.279292
0.244231
0.336587
0.384662
0.479228
0.423578
0.525068
0.317075
0.391213
0.362211
0.443741
0.480423
0.574115
0.541779
0.621642
-0.012416
0.032263
0.008834
0.054532
0.081580
0.135676
0.102526
0.147256
0.031598
0.080172
0.055837
0.099715
0.123922
0.192878
0.165329
0.201934
0.185406
0.238297
0.203108
0.261553
0.277311
0.325061
0.321944
0.364428
0.419880
0.412690
0.237191
0.276448
0.247115
0.310727
0.374709
0.356797
0.325825
0.090168
0.140653
0.110088
0.160066
0.165106
0.217951
0.205178
0.261877
0.335610
0.287275
0.128796
0.186816
0.155631
0.217347
0.293391
0.247963
0.233073
0.283147
0.422743
0.374705
0.444781
0.395209
0.478092
0.473718
0.527739
0.579708
0.657776
0.620436
0.700977
0.490012
0.569299
0.532159
0.606130
0.664805
0.742331
0.682261
0.765718
0.572433
0.648080
0.604881
0.686010
0.734306
0.824372
0.766842
0.862699
0.643716
0.730199
0.680796
0.763965
0.814129
0.913370
0.863163
0.916681
0.732775
0.815867
0.783708
0.870875
0.910550
0.824246
0.911908
0.865678
0.194620
0.308139
0.248477
0.329886
0.374356
0.470776
0.418794
0.521713
0.271100
0.356439
0.348254
0.417049
0.456392
0.543380
0.494056
0.586429
0.563737
0.636615
0.595242
0.678237
0.720645
0.812013
0.762334
0.859169
0.635925
0.727479
0.680229
0.778720
0.822018
0.917090
0.886227
0.361444
0.456489
0.407010
0.497700
0.543862
0.632900
0.589358
0.686646
0.446712
0.545087
0.495091
0.589273
0.653595
0.745727
0.683442
0.788110
0.726576
0.827525
0.786105
0.865582
0.912509
0.844923
0.999952
0.882561
0.915428
