-3.354944
1.553121
-2.593162
-4.332941
-6.946068
0.339379
-6.415999
-5.069203
2.437524
-9.708405
-4.413636
4.609043
-4.493872
6.662021
-0.761228
1.279361
8.163866
5.059909
-1.668941
-4.151676
2.473997
-1.231370
-2.565941
2.830317
-9.994990
-0.960000
-2.567709
5.494176
-5.149665
5.127676
-5.277154
9.637657
8.855355
-4.846905
3.748864
6.759769
-5.290182
-4.442834
-7.636685
-4.859778
-5.281613
-6.905698
3.833815
1.817566
-4.623527
-3.308827
-3.719342
-3.185071
-4.602634
-5.488711
-0.464823
-7.604112
-6.045773
-5.793080
-2.680637
3.913498
1.130542
7.514141
5.491079
-2.369378
5.095132
2.244719
-3.287461
-2.431142
6.166307
-9.140821
7.365679
-2.316196
-8.063846
-2.386959
-6.955997
-0.602640
-4.967724
-2.365944
-1.728794
-3.434748
-3.276578
-5.697472
-5.820307
4.371984
-6.533873
4.446989
6.596089
-6.894456
-3.767190
-4.317429
4.838687
-6.738350
0.287063
-2.290564
3.270215
4.374002
-2.112867
8.762944
-3.984760
7.631440
-1.912555
9.066695
6.092060
-3.775412
8.729069
-0.111728
-7.690032
0.571019
-0.058162
-6.226883
-2.101200
-4.846907
-9.018487
7.936313
3.460586
5.365767
-4.810604
-5.665431
-3.013197
-1.394020
-6.050472
-4.166008
-7.689672
-8.227730
-6.070143
-2.501294
0.063246
6.086602
6.186777
6.574536
-1.973278
-5.337306
2.309245
8.105671
0.893287
-4.134759
-5.909678
-8.830503
-5.421467
-1.721221
-6.126142
-3.140927
1.170555
2.852743
-3.623673
-3.953599
3.269884
-5.395012
-7.593037
8.339294
7.851740
0.098355
-3.238442
-0.885751
-0.475885
1.762017
-2.828443
-2.495133
7.301880
7.330230
-6.740565
-0.756716
-4.511304
0.404668
1.044537
2.925196
0.971064
7.180431
-7.314782
-1.500893
6.718431
2.905243
9.741235
-7.339959
4.025923
-9.978721
-2.866926
-1.576206
-3.507731
-6.991943
-5.201978
-5.946209
-9.061318
0.975791
-0.812073
2.124339
2.279755
-2.640348
-2.623895
-0.342177
-0.202672
-6.972206
-4.294107
-4.147854
-2.811811
-5.777064
0.202150
-8.799166
-3.764174
-0.989000
-3.403912
-0.113690
-0.025910
8.472661
0.880968
-1.580641
1.334771
-4.072076
-7.336649
-3.449657
4.666571
2.876388
1.058061
3.072701
-3.800000
8.886516
-8.260674
-1.493439
-0.758288
-6.088892
3.011992
3.281285
1.494069
-5.426879
-5.585142
-3.635370
-7.401938
1.798352
-6.449579
-3.281085
-8.838363
-8.714610
-0.088423
-5.027705
-6.235336
-8.380908
5.289608
-6.245206
1.992576
-8.119002
-4.163506
0.429470
-3.077307
4.328628
3.155684
-2.407228
-9.611608
-1.637716
3.442856
-2.069852
3.609812
-1.387960
-4.155346
8.690055
-7.734814
-9.971567
1.354662
-4.661435
-1.210142
-0.965775
6.970752
-4.478982
-3.504845
-3.888958
-2.321101
-9.920896
-1.573100
-4.305912
-6.825094
-6.674371
-2.006799
0.272694
5.753217
-3.650208
2.642422
-3.542994
-1.048221
-2.847260
1.787405
-2.161239
-2.206905
1.792688
-5.150333
-9.876416
-8.885991
3.619410
-6.804531
-8.393211
-8.307861
-1.346726
-1.864637
-6.540832
-1.763075
-0.352348
-2.905192
-1.426990
0.254027
4.579905
1.670148
4.105923
-4.645563
-7.022785
-7.409260
-4.598840
-8.217754
-8.906574
-0.208548
-2.001204
-8.397570
-9.619938
7.923185
5.037382
-0.299953
0.818321
2.206587
-4.741018
-6.505713
-9.238128
-7.086268
8.341010
-2.056525
5.896492
-8.412162
-3.698217
2.656064
-9.326756
9.118211
6.163590
4.674843
0.603770
-1.432546
-6.064513
5.233590
2.959513
-3.820496
-8.055010
3.848871
-7.514872
6.495518
-3.404176
-9.933144
2.315875
-2.751391
-0.773210
-6.379732
1.393705
2.103406
-0.271299
5.261270
-1.294867
-9.256722
0.312949
-4.462763
-5.948228
-7.792389
-3.355560
2.875848
-3.018656
2.711045
9.301154
1.586616
2.562514
-5.705104
-8.677221
-4.769606
4.101212
5.106219
-5.192777
-1.576532
-5.149647
-1.600797
-4.089630
6.628771
-0.044000
-3.743142
2.934734
-5.039574
-5.609909
1.308335
-4.357747
1.839906
0.051814
-1.076211
-6.655641
-5.279829
0.108849
-3.220087
-2.943923
-0.580729
-1.170570
-2.532016
-1.334000
-8.991674
-3.874516
4.763126
-0.836065
7.448925
7.024728
2.729126
-1.546515
-5.281689
-0.712961
1.895497
-9.407342
-5.774210
-6.466345
2.902832
-2.425428
-4.660554
6.156708
-4.880794
-3.361045
-4.486242
7.980220
-2.105347
7.228077
-1.483975
-2.617783
2.167305
3.175655
-3.332450
-5.653647
-0.680283
-3.029013
-1.408477
-1.254049
-3.909177
-3.168363
-5.164794
-5.505029
-0.695775
-5.052898
-7.239966
6.457526
-1.139817
-1.451293
5.046273
1.367425
3.352076
-8.908139
9.944940
4.098034
2.897075
-9.813366
-1.750830
-6.852342
2.486491
0.714000
3.314062
6.592817
-1.381910
-4.394694
9.589384
-1.006576
-1.414614
-0.098567
-1.804963
-3.954722
-0.643410
-8.566444
-1.715194
-5.997739
5.999887
1.081775
7.336654
3.575459
9.985289
5.681138
1.028760
-2.933342
-1.565577
0.826940
0.600123
-5.483368
5.421188
4.637618
-2.855017
-3.958820
-8.317251
-4.259256
-2.139798
1.677179
3.479691
0.037964
-5.063089
2.112530
-4.478362
-3.929840
-2.333590
1.792206
-8.042182
0.556000
-6.719457
7.873232
-0.263854
-1.403674
3.547737
-7.783547
-0.747370
2.493842
9.861087
-5.299482
1.732503
5.320976
1.359048
2.099612
6.522326
-0.465351
0.441438
8.348761
1.295705
-0.526185
0.350613
-3.729702
-7.370116
-5.077871
-5.978831
0.756531
8.783327
-4.844085
-4.694336
4.383452
5.811881
-7.570597
2.410492
2.042000
-1.815722
-2.183599
-7.960917
-3.890164
-2.785200
-4.127227
-7.111765
-5.337024
8.586396
4.810195
0.606938
-0.683742
-1.637091
-1.532237
-3.725118
-3.379795
-2.000265
-2.099061
3.204790
-1.077885
2.745847
-2.990936
9.864460
2.336083
2.088226
-0.689128
1.472636
-3.377297
1.991125
-0.371521
-7.501305
-6.555802
-7.563529
9.961580
-0.437486
-5.492721
-0.151730
9.999312
-4.234025
2.874930
-6.437275
-1.307776
-2.484942
-1.941550
-7.780682
2.299067
-1.002885
3.069043
-8.209197
0.953223
3.971728
3.491964
3.132766
0.231965
-2.119619
-3.844082
5.265285
4.194633
3.852222
8.847962
1.124209
0.982267
-4.205447
-4.747974
-6.420393
0.895979
-0.908115
4.437954
-2.816869
7.104684
-4.379144
1.769197
-0.449484
-2.421124
5.836477
3.386518
-2.403867
4.255951
-6.594018
-7.331738
-1.345055
2.124153
-6.960624
-3.443553
0.011454
0.367826
1.051699
-0.687881
-4.272545
1.606364
4.315602
-3.844859
5.662887
-1.804855
-3.270043
-9.873835
-0.544816
-1.893140
-6.622447
0.268606
-6.796543
-7.526167
3.613708
6.475134
-5.127713
-0.025000
-4.921803
-6.013440
-2.951062
-1.213517
-1.249165
2.489522
-2.462825
-3.041171
-3.560878
1.505288
-5.651958
-7.692863
-2.414812
-0.271766
-0.766557
1.342625
0.766653
-0.918000
4.393072
-1.211059
7.004043
-4.110141
5.664593
7.652658
1.992893
-0.082892
2.039528
-2.864437
-8.073099
-1.970983
-5.170527
-3.441775
-5.158668
-9.276092
-4.134105
1.312267
-3.297094
-2.874501
-0.172129
3.668784
-1.863935
6.569117
2.281764
-5.630673
-7.223924
-0.356355
6.733329
-3.444810
-6.064768
0.779092
5.124444
0.043125
2.000267
6.003449
-1.399454
-3.761456
-1.863365
4.828998
2.413543
-2.376788
-8.479734
-1.887314
-6.609504
-5.398794
-2.021375
-2.723132
0.483188
1.220927
2.695133
-2.325021
-0.387010
-2.918792
1.873958
3.356412
0.987000
-9.755486
-0.431932
-0.614400
0.427212
3.781055
-4.760732
-7.011306
-7.333004
5.967035
-8.375911
-2.936783
-1.130715
1.559752
2.082203
-2.042356
-5.532547
-2.457452
-4.199664
7.671823
-6.007311
3.583912
-4.471180
-2.054600
-2.411321
0.797000
-4.752570
-0.891133
-2.070746
9.052364
-6.088935
-6.054770
2.643179
-2.537584
1.453462
-5.155942
-3.847967
-6.096966
7.758668
-6.415861
-4.653969
-8.070468
-0.734551
8.017998
-5.892972
-5.905428
6.040441
1.566746
2.561403
1.240443
-5.221434
-5.773824
-8.636366
-2.151117
2.715833
-0.848349
-0.823926
-6.044725
-4.691604
-6.227744
-0.923309
5.626217
0.736766
1.646663
3.430610
3.243369
3.605002
-1.310569
-2.697388
-9.102213
-1.174560
3.366882
1.058703
1.129016
-0.663014
-1.949296
7.492412
6.926761
1.765398
-6.975373
-6.579461
