1.000000
-1.000000
-1.000000
1.000000
0.000000
-0.500000
-0.750000
-0.875000
-0.625000
-0.250000
-0.375000
-0.125000
0.500000
0.250000
0.125000
0.375000
0.750000
0.625000
0.875000
-1.000000
-1.000000
-1.000000
-1.000000
-1.000000
-1.000000
-1.000000
-1.000000
-1.000000
-1.000000
-1.000000
-1.000000
-1.000000
-1.000000
-1.000000
0.000000
0.500000
0.750000
0.875000
0.625000
0.250000
0.375000
0.125000
-0.500000
-0.250000
-0.125000
-0.375000
-0.750000
-0.625000
-0.875000
1.000000
1.000000
1.000000
1.000000
1.000000
1.000000
1.000000
1.000000
1.000000
1.000000
1.000000
1.000000
1.000000
1.000000
1.000000
-0.878285
-0.777455
-0.999801
-0.940410
-0.861329
-0.915597
-0.858043
-0.800997
-0.706516
-0.748717
-0.827038
-0.823379
-0.734189
-0.740133
-0.707532
-0.656101
-0.549701
-0.588538
-0.427328
-0.504595
-0.504569
-0.416043
-0.421609
-0.660439
-0.661681
-0.576976
-0.584185
-0.658287
-0.662886
-0.584443
-0.589137
-0.501527
-0.506915
-0.435508
-0.446432
-0.517702
-0.516281
-0.447410
-0.424461
-0.904953
-0.907701
-0.900852
-0.896919
-0.823844
-0.820187
-0.741518
-0.736647
-0.812540
-0.814107
-0.735111
-0.746871
-0.900755
-0.904918
-0.900072
-0.898192
-0.821601
-0.822468
-0.751043
-0.751004
-0.814877
-0.813895
-0.741748
-0.735682
-0.664546
-0.663968
-0.599099
-0.587921
-0.669038
-0.678836
-0.618930
-0.609084
-0.504967
-0.541385
-0.463755
-0.451381
-0.538854
-0.555739
-0.475494
-0.476288
-0.683582
-0.673358
-0.612838
-0.603135
-0.680445
-0.666579
-0.604913
-0.599272
-0.544079
-0.506496
-0.445589
-0.439506
-0.530666
-0.534901
-0.448485
-0.462194
-0.896650
-0.905072
-0.904406
-0.907475
-0.815855
-0.822872
-0.743792
-0.741752
-0.821874
-0.812796
-0.733329
-0.731782
-0.867855
-0.923349
-0.918932
-0.999941
-0.790725
-0.843625
-0.716798
-0.763568
-0.846101
-0.826796
-0.757862
-0.668656
-0.660559
-0.585241
-0.580191
-0.656478
-0.658077
-0.582619
-0.585395
-0.506586
-0.503861
-0.431141
-0.436184
-0.509756
-0.507353
-0.428332
-0.423811
-0.651983
-0.680465
-0.571988
-0.614999
-0.683175
-0.492379
-0.530172
-0.422784
-0.108173
-0.021971
0.057988
0.058854
0.210020
0.133349
0.132304
0.225089
0.218311
-0.366025
-0.348220
-0.258702
-0.273601
-0.340657
-0.353173
-0.257817
-0.275252
-0.188594
-0.180680
-0.108389
-0.098881
-0.198192
-0.168334
-0.109894
-0.090181
-0.363248
-0.360234
-0.262476
-0.283102
-0.387940
-0.366839
-0.324420
-0.311265
-0.267673
-0.255874
-0.293519
-0.286268
-0.235477
-0.236370
-0.185056
-0.217068
-0.213146
-0.164888
-0.160905
-0.117801
-0.110047
-0.059752
-0.060770
-0.110921
-0.118931
-0.067797
-0.071172
-0.203024
-0.203316
-0.154819
-0.146870
-0.197516
-0.187426
-0.156540
-0.146182
-0.114364
-0.108767
-0.069391
-0.075721
-0.108192
-0.120069
-0.073265
-0.059166
-0.020196
-0.042397
0.050674
0.026161
-0.022680
-0.010603
0.078500
0.054329
0.047726
0.103204
0.096664
0.154898
0.126181
0.238471
0.210419
0.152581
0.154162
0.151386
0.215817
0.199148
0.244729
0.244391
0.252526
0.305307
0.301989
0.352508
-0.011892
-0.029424
0.012123
0.015755
-0.026589
-0.023790
0.012924
0.016437
0.058495
0.057285
0.099642
0.103018
0.053863
0.056945
0.099483
0.097022
-0.019527
-0.036885
0.031868
0.010910
-0.020690
-0.020362
0.015406
0.016729
0.075909
0.051420
0.117751
0.098952
0.055829
0.053544
0.095445
0.094178
0.147879
0.139121
0.185252
0.179842
0.140057
0.144681
0.182392
0.190672
0.226314
0.225151
0.272761
0.273698
0.228694
0.230449
0.269636
0.263084
0.154244
0.140037
0.185989
0.188575
0.137458
0.142180
0.183991
0.187277
0.222569
0.229212
0.263760
0.257784
0.224315
0.229786
0.273170
0.272271
0.487740
0.566571
0.316987
0.298068
0.379664
0.385735
0.298203
0.314678
0.380446
0.395226
0.469711
0.461697
0.541223
0.542805
0.465348
0.464583
0.544252
0.544905
0.658494
0.647316
0.741711
0.714976
0.873945
0.809004
0.811864
0.906049
0.895479
0.623109
0.618412
0.701224
0.704414
0.622933
0.631240
0.706044
0.715947
0.781891
0.789372
0.874507
0.889750
0.800215
0.795199
0.892240
0.887468
0.315275
0.322980
0.405801
0.411428
0.331240
0.355128
0.412605
0.419617
0.468102
0.497266
0.543536
0.572872
0.469077
0.496879
0.553717
0.569419
0.321044
0.316566
0.381145
0.376980
0.458913
0.309950
0.308729
0.364588
0.363065
0.448891
0.438309
0.414019
0.310909
0.306855
0.358657
0.363429
0.452682
0.312271
0.313907
0.362672
0.366335
0.382153
0.466227
0.411775
0.417950
0.526137
0.517242
0.600408
0.587177
0.513174
0.528400
0.589963
0.570938
0.643884
0.646958
0.724139
0.718196
0.630635
0.656300
0.717573
0.733751
0.801505
0.793789
0.886624
0.884813
0.801475
0.794578
0.891644
0.887065
0.665471
0.658422
0.733131
0.729292
0.658726
0.640812
0.718987
0.719745
0.805196
0.803219
0.890690
0.885095
0.793759
0.795672
0.890783
0.887945
-0.397369
-0.371473
-0.336978
-0.324647
-0.385577
-0.397464
-0.330721
-0.320818
-0.277257
-0.289803
-0.227062
-0.243186
-0.262937
-0.264261
-0.217177
-0.218542
-0.396119
-0.400751
-0.335472
-0.314638
-0.329005
-0.378318
-0.266040
-0.271352
-0.232059
-0.238810
-0.294429
-0.318284
-0.250097
-0.229865
-0.244724
-0.194352
-0.187321
-0.159326
-0.144546
-0.191853
-0.197707
-0.150507
-0.153216
-0.099077
-0.101175
-0.058312
-0.058814
-0.102724
-0.112027
-0.062739
-0.071522
-0.179532
-0.200253
-0.150101
-0.163269
-0.182440
-0.191891
-0.129891
-0.152977
-0.156792
-0.118681
-0.098353
-0.061349
-0.056872
-0.108900
-0.110358
-0.070306
-0.072956
-0.080872
-0.381335
-0.359304
-0.293761
-0.289881
-0.371321
-0.367135
-0.276973
-0.279449
-0.215667
-0.196836
-0.134032
-0.113240
-0.192122
-0.187416
-0.101815
-0.082581
-0.019911
-0.021582
0.015609
0.014946
-0.025142
-0.024605
0.016641
0.030113
0.053110
0.056023
0.096879
0.111372
0.072042
0.049994
0.087264
0.096729
-0.015545
-0.021400
0.013628
0.014527
-0.024988
-0.034206
0.013889
0.017115
0.002926
0.068178
0.053277
0.056466
0.100392
0.106046
0.099603
0.158267
0.061645
0.157400
0.129955
0.184084
0.194826
0.150690
0.135424
0.176146
0.182202
0.202770
0.238976
0.222833
0.231436
0.266821
0.271340
0.285780
0.324427
0.222422
0.142454
0.160723
0.252005
0.232969
-0.044122
-0.037740
0.061650
0.026681
-0.012437
-0.001007
0.072364
0.064412
0.136894
0.111198
0.217392
0.195455
0.147585
0.132247
0.220770
0.218331
-0.358681
-0.364805
-0.289860
-0.277261
-0.345102
-0.344400
-0.263451
-0.257944
-0.207471
-0.185006
-0.118677
-0.099026
-0.182218
-0.179041
-0.105315
-0.331075
-0.023557
-0.025787
0.060031
0.053576
-0.024518
0.146001
0.135993
0.223555
0.314280
0.348768
0.436581
0.410959
0.316266
0.318232
0.404577
0.395459
0.506056
0.491805
0.574361
0.558356
0.472126
0.482268
0.551391
0.546995
0.302142
0.302265
0.399199
0.384117
0.295949
0.297762
0.376398
0.373629
0.468193
0.460445
0.541480
0.539171
0.460225
0.444794
0.542389
0.648784
0.634817
0.714207
0.712398
0.628460
0.623554
0.711251
0.705904
0.795589
0.793742
0.885631
0.883334
0.791142
0.799015
0.889955
0.899862
0.622174
0.616291
0.705454
0.734579
0.651616
0.809276
0.811305
0.895123
0.295252
