-3.403099
-0.712948
-5.023801
-1.886018
7.189087
-9.987247
1.885897
-4.260426
4.750786
2.382115
-8.163592
1.424385
-3.822285
0.128594
-5.780359
0.298822
-5.769059
-2.212028
-3.329874
-2.236820
2.768337
-0.218012
-9.662865
-6.884193
-0.033889
-1.058000
-5.959095
-3.441510
5.424959
0.871109
-6.414153
2.650411
2.095365
-2.388423
-3.402382
2.335692
1.247770
-8.951439
6.450924
1.283730
-0.428768
-0.085934
-7.369865
-7.244039
-1.292795
9.431437
-4.009810
5.605328
6.194856
3.463193
8.576099
-5.282347
5.418140
2.441881
-8.564147
-6.664684
0.174972
1.036241
2.144023
0.290823
-1.222882
-0.231732
-4.921376
3.010632
-0.507805
3.282674
-3.249243
-9.723984
-3.928039
-5.330102
-6.159339
1.017140
-5.931101
-6.741523
-4.905645
-2.321973
-6.311618
4.692968
-7.428210
-3.196718
-0.431941
-2.483353
1.582378
0.409413
0.723136
3.026339
3.018946
4.380759
-8.907598
-4.476301
-3.030119
5.236808
-2.573531
3.056918
-5.841793
-0.258475
-3.939688
1.236934
-7.923634
-4.879876
-2.190657
-9.994610
2.148420
8.731617
-4.235881
-1.368239
-5.071232
0.858307
-2.635701
4.986182
-0.380278
6.839672
0.507095
0.528839
1.571586
-6.396691
-7.953563
6.977727
-1.504082
0.622811
6.182491
-0.416958
8.191790
2.509007
-3.932519
3.301610
6.125379
6.228091
-4.204038
1.699200
-9.952795
2.394214
-5.598934
0.439006
-2.397401
9.844290
-2.042420
-7.363922
0.467702
-7.699837
-3.650011
-0.391165
-1.866111
-1.670550
4.312460
0.286519
-2.294807
-6.171716
-5.384976
-4.225278
-3.935124
-2.026960
-1.628733
-1.912734
1.802993
4.088643
-1.285004
-2.594620
-5.633888
-6.669602
0.020505
4.308536
-2.608358
-2.355368
3.416775
-9.880057
0.920157
-2.196182
-2.236247
0.797900
-0.578256
0.571145
2.651184
-7.383446
-7.816899
-3.738305
-6.998304
-3.980754
-1.479115
-8.014162
-5.413245
-9.766860
-6.917861
-4.482292
7.049707
-6.092196
4.314516
-4.350138
1.835874
-1.444718
4.735664
3.024096
2.549974
-1.886130
-1.860502
0.771000
-4.152647
4.872947
-8.161791
3.897882
7.582205
2.953723
-8.956570
-3.607989
2.887608
-4.573095
-7.158309
-2.707894
-1.284216
2.091218
-0.825480
4.573073
-0.509451
3.417108
-6.345966
-0.667175
3.088169
9.241390
-5.641323
-5.827344
-5.022225
-1.290361
0.217352
6.473206
0.163855
6.578653
4.668738
1.688238
-6.700908
2.983965
-3.537824
2.312993
1.494933
7.803216
2.755641
-3.386378
-7.692367
-4.180054
0.456006
6.594029
1.537014
0.834344
2.742358
2.521446
-9.382569
0.731893
-6.101786
9.217628
5.339887
-3.005397
1.000020
-0.707280
-2.545629
2.460856
-6.036679
-3.763799
-0.585563
1.418220
-0.325973
1.144442
-0.737892
-1.254812
-5.836433
-4.177006
6.067625
-3.288206
-5.806153
9.348826
-4.863542
-6.174935
-9.640632
-6.854424
-7.800029
8.195255
-4.302169
-9.003776
-3.159169
-0.599939
-8.566221
1.529936
1.203429
3.426438
1.491111
-1.331384
5.555686
3.904980
5.422952
-4.165634
-1.973220
-1.698706
-4.820910
-0.292140
6.666841
-6.343583
-2.851478
-4.634695
-7.391927
2.438522
-3.545988
-5.118268
1.290640
2.172991
-9.273547
2.772352
-4.451873
-2.702678
2.485522
-2.951016
-4.522429
5.590315
-4.772905
4.778870
2.431470
0.812358
-0.566939
-0.530133
7.719122
0.959478
-5.398433
-5.432138
-3.244617
0.018465
0.279789
6.009174
-0.645971
-3.731954
-3.767397
0.965896
-8.515041
-5.353034
-8.326982
3.516218
-2.775204
-4.779709
7.108682
4.148018
1.126376
-5.455484
-5.585549
-9.010912
-5.839746
5.144378
-6.208346
-3.268327
-6.201520
-4.732810
3.775470
-7.191650
-2.995391
0.240086
-0.043043
2.419559
-4.377410
-4.268816
-3.806055
-3.671796
-3.864088
-0.107172
-3.495640
-4.959379
-0.892316
-3.922225
5.822952
-2.069707
-8.043127
-4.809577
-0.139331
-3.276237
-4.841773
-1.311000
0.133691
5.490776
-2.803173
-8.269367
-7.035676
4.116590
-9.016765
5.452158
-7.094748
-5.309322
0.075607
2.224025
-8.563949
-2.073759
-1.587377
-3.325152
-2.354492
-0.913000
-4.363695
1.625807
-3.811873
-9.958958
0.332238
-5.684020
1.776489
-2.601632
2.432216
-4.610678
-5.406077
-3.369340
-2.902751
-6.725816
-8.509070
3.569959
0.142665
-1.869788
-0.234256
-9.410633
-2.567549
-3.052285
1.044252
2.878195
-8.774367
-3.362151
2.020599
-5.860715
0.854492
-2.056215
4.512023
-9.528326
-5.448288
-0.417506
3.605270
-5.709474
7.204566
0.952112
4.968071
-8.623754
1.804402
-6.524482
-2.690711
-2.216509
-5.425180
-9.902591
2.632442
-0.395249
-1.001255
0.416269
7.428978
1.916290
4.391262
1.035607
-2.429687
-1.836000
0.101974
-7.512390
-0.079328
0.711836
-2.818854
8.195310
-1.872718
-5.658486
-2.355031
4.538776
9.194276
2.984651
-4.248442
-2.516446
1.684736
-0.855216
6.204820
0.521476
-0.418551
3.224468
8.100092
-3.936624
0.491101
-1.232783
-6.222328
-4.178664
-4.187043
-1.753962
-3.037502
-4.384734
0.122749
0.013805
-2.138279
-6.118961
-4.109887
-3.731251
-5.327561
-3.660187
-0.507660
-2.894535
8.817859
7.858229
-1.985625
0.974000
-4.891154
-3.975192
-7.100816
-2.976917
8.158222
4.923967
1.154989
-5.917233
-1.632519
-3.479959
-2.420734
-7.562767
-7.523130
-2.229819
-2.323099
6.047531
7.109063
0.987404
-4.523962
-2.910915
-5.527266
-9.275702
-1.068714
-7.599747
-1.635694
-9.096926
-4.773827
-1.607399
3.568257
-8.984075
-1.197503
-2.061007
6.015084
1.310000
0.901524
-0.415388
2.702802
-7.172890
-0.181619
-9.102018
-1.545888
-2.934926
-4.011331
-4.637596
-8.344831
-6.759950
8.393670
-6.843031
2.861001
1.840810
-8.387813
-1.751510
-3.621830
-0.505682
-6.272533
-7.862320
1.610088
-7.591433
-2.669203
1.368973
-8.205794
-0.777188
7.210388
-2.543005
-6.605434
-2.336130
-2.949410
0.812720
9.983301
-1.304450
-2.855297
0.020567
-4.742288
2.553980
3.439663
-4.306212
-3.729773
-4.604948
1.625490
9.218441
3.495355
3.695018
-2.821867
-0.701783
1.377566
1.084930
-0.820464
-2.873701
0.109741
8.610124
2.647664
1.926636
2.432120
-1.417647
2.877577
6.328226
-6.689868
-3.279410
0.649771
-6.689384
-2.992197
2.535500
-6.386014
-1.602888
-6.181478
2.105445
6.686041
-0.063746
0.204117
-4.740911
2.514631
-5.648823
-7.508489
-5.805954
-9.298663
5.337256
3.831619
1.309352
-2.534914
-4.688336
-4.058435
-3.384856
1.074731
-3.326763
-0.125005
6.065950
-6.817963
0.606398
-2.864484
-1.551967
1.204985
6.792248
-1.802998
6.082516
-2.799371
-0.577727
-8.547652
4.203323
1.862416
3.489000
-3.723139
3.980088
-2.546394
6.111342
-5.123920
8.265238
-7.354266
-3.559592
-3.031869
9.879731
-0.197829
-4.310985
-1.508031
-5.256023
1.746125
2.527368
-7.308268
2.455000
-8.044114
5.551952
-4.060070
-5.241206
-2.484760
-1.023413
-8.052051
-4.915538
-0.759793
0.829639
-0.996558
3.260820
-1.284312
4.929347
4.143852
-3.721413
0.469421
-6.505576
-1.737419
-6.921783
-7.654918
-5.282900
-2.890190
-1.216075
0.089904
-0.742430
5.406245
1.288706
-3.153352
7.557477
6.940356
-5.752892
4.831988
7.655813
-1.075218
-5.702860
7.359032
2.151832
-5.375866
2.069566
-8.662272
-4.056659
-2.401584
3.796789
4.909574
8.415718
-3.557283
0.196918
-5.127320
7.016318
-9.623865
-1.119779
-8.517578
3.222196
-6.641142
6.368396
0.761000
-2.165556
7.251570
5.449168
-7.697450
-0.005087
-1.960684
-7.122816
-2.589114
5.023234
4.085232
2.100569
6.710606
2.891750
-3.141705
-7.488095
1.678018
-2.808342
-0.939750
-4.863253
-4.923579
-0.829356
7.911264
0.421517
-7.988475
1.202000
1.927973
1.508086
-1.380298
-0.654230
1.306519
-6.334338
6.708259
9.670800
8.867655
-0.817430
-2.506086
-0.194567
3.399264
2.980276
-6.655855
-5.897073
-4.984248
-1.570818
-1.077703
1.838420
-2.999070
5.808699
2.216776
-2.950439
0.483126
-6.803306
-3.450926
-6.137484
-4.961490
7.637323
-1.515918
-4.461500
-4.565006
-2.944127
-8.283484
4.096671
9.969730
-4.940841
-7.742342
-6.797081
4.162986
4.948306
-1.225125
-0.844038
4.413087
-2.428346
-5.158170
-6.002996
-7.482134
-6.615072
-6.614185
5.138046
-0.880101
-2.104513
-0.879670
